3 0.32200188857412654 0.4448641275836744 0.0321057601510859 0.06043437204910298
9 0.8064211520302171 0.4952261042912601 0.041548630783758256 0.0671493022767811
9 0.4235127478753541 0.42723743573601936 0.03682719546742206 0.4079320113314448
9 0.6808309726156752 0.5900744937572133 0.09631728045325766 0.04532577903682721
6 0.5949008498583569 0.5774839995803169 0.056657223796034016 0.1208687440982058
6 0.3290840415486308 0.605183086769489 0.05949008498583566 0.10576015108593012
6 0.09726156751652501 0.8626062322946175 0.19452313503305002 0.27478753541076484
6 0.21246458923512748 0.5212464589235126 0.1019830028328612 0.055398174378344364
6 0.8526912181303117 0.4493407434662221 0.29461756373937675 0.24397578973382913
4 0.688385269121813 0.5187283600881335 0.043437204910292876 0.09400902318749338
4 0.3800755429650614 0.5430699821634666 0.0632672332389047 0.13261987199664246
9 0.5151085930122757 0.4305949008498584 0.040604343720491015 0.19641170915958456
9 0.28895184135977336 0.4188437729514217 0.06043437204910294 0.21655649984261888
