4 0.49527856468366366 0.3156017207008708 0.15203021718602455 0.09400902318749343
4 0.8437204910292716 0.2736334067778826 0.22946175637393748 0.11415381387052789
4 0.2686496694995279 0.35673066834539924 0.04060434372049111 0.05875563949218347
4 0.03305004721435316 0.40457454621760575 0.0169971671388102 0.05036197670758576
7 0.7932011331444758 0.7780925401321998 0.100094428706327 0.24005875563949222
7 0.5953729933899905 0.7268911971461546 0.13881019830028335 0.21152030217186016
7 0.4551463644948065 0.7193369006400167 0.09820585457979228 0.19305424404574537
7 0.32955618508026446 0.6882803483370055 0.0812086874409821 0.1578008603504354
7 0.2540132200188857 0.6740111216031895 0.07176581680830971 0.1158325464274474
7 0.15864022662889518 0.6597418948693736 0.0491029272898961 0.09736648830133249
4 0.2809254013220019 0.5598573077326618 0.03871576959395661 0.04532577903682707
4 0.4395656279508971 0.5657328716818801 0.048158640226628864 0.03357465113839048
4 0.5358829084041549 0.5707690693526387 0.05571293673276664 0.040289581366068604
4 0.6312559017941455 0.5749659007449375 0.01605288007554293 0.03525338369530999
4 0.6704438149197355 0.5774839995803168 0.030217186024551524 0.03021718602455145
4 0.7993389990557129 0.5816808309726156 0.029272898961284283 0.035253383695310066
4 0.9627006610009442 0.5892351274787535 0.02927289896128414 0.03693211625222958
9 0.04154863078375826 0.8816143768729998 0.08309726156751653 0.22215226649387532
6 0.01935788479697828 0.4641695519882489 0.03493862134088763 0.19305424404574537
6 0.09254013220018888 0.5036197670758576 0.02455146364494807 0.14772846500891823
6 0.6926345609065155 0.7159794355261778 0.04815864022662879 0.07218549994753971
6 0.9834749763928236 0.7657818304455527 0.0330500472143531 0.07106633637111798
