4 0.336166194523135 0.6689749239324311 0.19830028328611896 0.3239953834854684
4 0.15155807365439095 0.6035043542125695 0.04627006610009445 0.19305424404574537
4 0.5084985835694051 0.5783233658587766 0.07082152974504254 0.1762669184765501
4 0.548158640226629 0.5732871681880181 0.03493862134088765 0.08225789528905672
7 0.6062322946175638 0.5959500577064317 0.13975448536355045 0.2853845346763194
7 0.8630783758262512 0.5833595635295352 0.1359773371104818 0.2534886160948484
7 0.041076487252124656 0.658342946802703 0.08215297450424931 0.3396635454782421
4 0.1473087818696884 0.619452313503305 0.05665722379603398 0.1813031161473088
6 0.7374881964117092 0.5002623019620187 0.11520302171860237 0.17794565103346968
6 0.8980169971671387 0.3978596159899276 0.15675165250236078 0.07050676739062006
6 0.44192634560906513 0.5321582205434896 0.09820585457979228 0.13094113943972296
4 0.41359773371104824 0.38191165669919214 0.020774315391879197 0.03861084880914909
4 0.24409820585457978 0.3852691218130312 0.042492917847025496 0.048683244150666244
4 0.05760151085930122 0.39534151715454835 0.04343720491029274 0.07218549994753957
4 0.5760151085930123 0.36092749973769805 0.06043437204910298 0.07722169761829818
4 0.7313503305004722 0.35757003462385906 0.034938621340887724 0.03693211625222958
