9 0.12322946175637395 0.5288007554296505 0.05004721435316336 0.10408141852901054
9 0.3229461756373938 0.6698142902108907 0.08876298394711996 0.15108593012275734
4 0.7601510859301226 0.09904522085825197 0.14164305949008485 0.13094113943972296
4 0.5335221907459868 0.1813031161473088 0.03399433427762048 0.06714930227678105
4 0.31869688385269124 0.25684608120868746 0.023607176581680846 0.043647046479907664
4 0.2587346553352219 0.2853845346763194 0.024551463644948087 0.04700451159374669
4 0.21388101983002833 0.29713566257475604 0.017941454202077444 0.03693211625222958
6 0.10576015108593012 0.33490714510544534 0.21152030217186024 0.29042073234707794
7 0.7162417374881963 0.5397125170496275 0.08404154863078375 0.19976917427342358
7 0.8767705382436262 0.5329975868219494 0.13314447592067993 0.2434162207533312
7 0.5845136921624173 0.49522610429126 0.05854579792256843 0.1578008603504354
7 0.5141643059490085 0.5078165984681565 0.08593012275731823 0.14604973245199873
4 0.548158640226629 0.3810722904207324 0.048158640226628864 0.030217186024551382
4 0.7077431539187913 0.3718392613576749 0.05004721435316327 0.03861084880914909
4 0.8097261567516526 0.36932116252229563 0.05571293673276657 0.040289581366068535
