4 0.113314447592068 0.6740111216031894 0.18696883852691218 0.36092749973769855
7 0.4348441926345607 0.768859511069143 0.13125590179414515 0.29545693001783646
9 0.6813031161473085 0.8718392613576753 0.16147308781869646 0.2563214772846495
9 0.30028328611898014 0.8368481796243836 0.17752596789423983 0.11583254642744734
4 0.09348441926345609 0.31979855209316965 0.03966005665722381 0.05875563949218346
4 0.2785646836638338 0.4222012380652608 0.035882908404154853 0.05875563949218339
4 0.4447592067988668 0.5136921624173749 0.028328611898017043 0.0436470464799077
4 0.591123701605288 0.5833595635295352 0.030217186024551524 0.03861084880914916
4 0.8286118980169971 0.7117826041338788 0.014164305949008592 0.03357465113839055
6 0.5849858356940509 0.7260518308676949 0.08970727101038704 0.1829818487042283
6 0.836166194523135 0.7545902843353268 0.08970727101038718 0.15947959290735497
6 0.27478753541076484 0.6169342146679258 0.09254013220018888 0.13261987199664255
4 0.3352219074598677 0.6832441506662468 0.07365439093484417 0.1443709998950794
4 0.6501416430594901 0.05707690693526388 0.16713881019830026 0.11415381387052775
