4 0.3984891406987724 0.11163571503514852 0.18885741265344663 0.0990452208582521
4 0.7341831916902737 0.20732347077956148 0.1388101983002831 0.07554296506137871
4 0.9603399433427762 0.2520896680281778 0.07932011331444755 0.05987480306860505
4 0.03871576959395656 0.06463120344140175 0.07743153918791312 0.10911761619976917
4 0.42634560906515584 0.43563109852061693 0.02171860245514637 0.03861084880914916
4 0.273371104815864 0.4305949008498584 0.02927289896128425 0.03189591858147103
4 0.12275731822474033 0.41716504039450214 0.03021718602455147 0.03525338369530999
4 0.554296506137866 0.4540971566467317 0.013220018885741354 0.02853845346763194
7 0.42445703493862136 0.619452313503305 0.08970727101038718 0.1645157905781135
4 0.3786591123701605 0.6219704123386843 0.03021718602455145 0.05204070926450534
4 0.24315391879131254 0.654705697198615 0.014164305949008521 0.13429860455356213
7 0.621813031161473 0.6614206274262933 0.09726156751652497 0.20816283705802122
7 0.78328611898017 0.654705697198615 0.09726156751652497 0.1880180463749869
6 0.7662889518413598 0.4977442031266394 0.1728045325779037 0.08897282551673484
6 0.9447592067988668 0.49550588878150903 0.11048158640226617 0.1583604293309333
6 0.5311614730878187 0.5632147728465009 0.07082152974504254 0.1494071975658378
6 0.2946175637393765 0.5841989298079951 0.081208687440982 0.10743888364284987
4 0.02927289896128423 0.6079809700951172 0.05854579792256846 0.1415731037617379
4 0.3602455146364495 0.6345609065155807 0.04627006610009445 0.1477284650089183
4 0.5042492917847025 0.6244885111740636 0.02266288951841368 0.10408141852901068
