4 0.34844192634560905 0.18885741265344666 0.2058545797922568 0.3777148253068933
4 0.4745042492917847 0.27615150561326196 0.08215297450424934 0.13933480222432063
4 0.6855524079320113 0.1015633196936313 0.14353163361661941 0.2031266393872626
4 0.8611898016997166 0.6244885111740637 0.11709159584513686 0.1745881859196306
7 0.5457979225684608 0.6614206274262933 0.0793201133144477 0.10743888364284977
7 0.4929178470254958 0.654705697198615 0.041548630783758325 0.09065155807365442
7 0.415014164305949 0.6656174588185919 0.05193578847969782 0.07890043017521776
7 0.9494806421152029 0.6186129472248453 0.050047214353163415 0.25013115098100946
6 0.09631728045325777 0.6264470282212321 0.19263456090651554 0.23893959206307044
4 0.35835694050991507 0.3869478543699507 0.01794145420207741 0.031895918581470964
4 0.2946175637393768 0.4482215926975134 0.0075542965061378455 0.03693211625222958
4 0.2525967894239849 0.48431434267128315 0.010387157695939564 0.021823523239953745
4 0.22049102927289893 0.5136921624173749 0.010387157695939564 0.03357465113839055
4 0.19735599622285172 0.5405518833280872 0.00944287063267236 0.02014479068303423
4 0.8531633616619453 0.4431853950267548 0.06326723323890476 0.0235022557968734
