4 0.40321057601510846 0.19557234288112477 0.4891406987724267 0.39114468576224953
4 0.5004721435316337 0.5094953310250758 0.18319169027384322 0.16283705802119386
6 0.8720491029272887 0.23698107501590193 0.2559017941454196 0.3128038245675295
6 0.03824362606232294 0.8525338369531005 0.06515580736543909 0.29493232609379916
6 0.26203966005665724 0.888049522610429 0.1237016052880076 0.20480537194418205
4 0.6109537299338998 0.8897282551673488 0.041548630783758325 0.03357465113839055
4 0.714353163361662 0.873780295876613 0.06137865911237014 0.025180988353792913
4 0.8593012275731823 0.852796138915119 0.09065155807365428 0.05707690693526402
4 0.5292728989612843 0.8972825516734866 0.038715769593956534 0.025180988353792913
4 0.457979225684608 0.9140698772426817 0.03777148253068937 0.03525338369530999
4 0.29650613786591123 0.6614206274262933 0.01888574126534472 0.07386423250445923
4 0.1926345609065156 0.7327667610953731 0.02266288951841357 0.05204070926450527
4 0.1336166194523135 0.7688595110691427 0.01983002832861187 0.040289581366068604
4 0.0939565627950897 0.8024341622075332 0.016052880075542966 0.04364704647990763
