9 0.21152030217186024 0.2459343195887105 0.09820585457979228 0.35757003462385895
9 0.6624173748819641 0.2803483370055608 0.0708215297450424 0.30888679047319273
0 0.7714825306893295 0.6949952785646836 0.054768649669499465 0.1645157905781135
0 0.22049102927289893 0.7671807785122232 0.08404154863078378 0.19137551148882592
9 0.9074598677998112 0.33322841254852587 0.05288007554296513 0.22662889518413593
4 0.22851746931067032 0.11163571503514845 0.45703493862134065 0.2098415696149407
4 0.47686496694995284 0.2769908718917218 0.07743153918791315 0.04364704647990763
4 0.3158640226628895 0.2736334067778827 0.08970727101038715 0.04028958136606857
4 0.12889518413597734 0.2727940404994229 0.07271010387157695 0.055398174378344295
4 0.24504249291784702 0.49858356940509924 0.02927289896128425 0.057076906935263946
4 0.5188857412653447 0.48431434267128326 0.040604343720491085 0.07218549994753964
4 0.6071765816808309 0.27950897072710107 0.05854579792256835 0.0486832441506662
4 0.7407932011331445 0.2820270695624803 0.05949008498583552 0.0369321162522295
4 0.8541076487252124 0.2929388311824572 0.04627006610009445 0.035253383695310066
9 0.7431539187913124 0.31728045325779036 0.05288007554296513 0.03021718602455145
6 0.7790368271954674 0.5481061798342252 0.05288007554296499 0.0755429650613786
6 0.9655335221907461 0.5422306158850069 0.05571293673276685 0.08393662784597623
6 0.2271010387157696 0.5564998426188228 0.09348441926345608 0.11247508131360817
6 0.9702549575070821 0.3687615807340848 0.05949008498583581 0.15332423166017473
6 0.8432483474976393 0.3676424299653761 0.0925401322001889 0.130941139439723
6 0.7639282341831927 0.36764242996537605 0.05854579792256845 0.10743888364284958
6 0.5387157695939565 0.39869898226838735 0.11237016052880072 0.06882803483370054
7 0.3503305004721435 0.4910292728989612 0.06987724268177523 0.12926240688280344
7 0.48300283286118983 0.4809568775574442 0.06137865911237021 0.08897282551673491
7 0.09915014164305949 0.49858356940509907 0.062322946175637384 0.15108593012275726
