3 0.4773371104815864 0.3936627845976288 0.029272898961284214 0.06882803483370054
9 0.43437204910292737 0.35589130206693953 0.056657223796034016 0.20144790683034308
9 0.12511803588290837 0.226628895184136 0.15203021718602452 0.4263980694575596
9 0.666194523135033 0.38023292414227255 0.04249291784702535 0.18298184870422837
4 0.8413597733711048 0.4985835694050991 0.039660056657223774 0.12422620921204483
9 0.9806421152030217 0.46333018570978907 0.02171860245514637 0.057076906935263946
9 0.4664778092540132 0.5623754065680412 0.24929178470254962 0.04364704647990763
6 0.751180358829084 0.5430699821634666 0.04627006610009431 0.11247508131360817
6 0.1680830972615675 0.8139229881439514 0.336166194523135 0.37215402371209744
6 0.47355996222851743 0.5539817437834436 0.07837582625118024 0.11415381387052775
6 0.9258734655335222 0.4417864469600842 0.14825306893295562 0.25908438274610485
6 0.02644003777148253 0.41632567411604243 0.05288007554296506 0.08729409295981533
6 0.3474976392823419 0.46500891826670865 0.15486307837582622 0.09065155807365442
4 0.5377714825306893 0.48599307522820273 0.07082152974504254 0.11583254642744734
