6 0.15722379603399428 0.34330080789004336 0.3031161473087818 0.2031266393872631
6 0.15864022662889518 0.2610429126009863 0.015108593012275745 0.04532577903682718
7 0.5132200188857412 0.4935473717343406 0.27289896128423036 0.3760360927499738
7 0.7936732766761097 0.538033784492708 0.30878186968838534 0.5153708949742943
7 0.313975448536355 0.4868324415066624 0.09537299338999058 0.13094113943972296
7 0.24457034938621344 0.4826356101143637 0.05476864966949954 0.11583254642744734
7 0.19121813031161472 0.4792781450005246 0.05004721435316337 0.09568775574441304
4 0.6350330500472144 0.2778302381701815 0.04438149197356005 0.06882803483370054
4 0.5188857412653447 0.3013324939670549 0.06515580736543904 0.07554296506137867
4 0.759678942398489 0.2459343195887105 0.11992445703493856 0.1024026859720911
4 0.3772426817752597 0.33910397649774426 0.03682719546742213 0.03693211625222965
