3 0.3257790368271955 0.43730983107753646 0.028328611898016973 0.08225789528905679
4 0.38857412653446644 0.5405518833280872 0.07648725212464591 0.12758367432588394
4 0.6902738432483474 0.5371944182142482 0.03966005665722392 0.09400902318749338
9 0.817752596789424 0.5094953310250762 0.015108593012275691 0.05204070926450534
6 0.0939565627950897 0.8424614416115833 0.18413597733711046 0.3150771167768335
6 0.8668555240793201 0.4862728597184517 0.26628895184135987 0.2741929757583806
6 0.5859301227573183 0.5405518833280872 0.08970727101038711 0.08729409295981533
6 0.19263456090651554 0.506137865911237 0.12653446647780922 0.07218549994753964
6 0.3380547686496695 0.60182562165565 0.07932011331444762 0.13261987199664246
9 0.28895184135977336 0.40457454621760575 0.05665722379603398 0.19809044171650406
9 0.5188857412653447 0.42723743573601936 0.03682719546742206 0.17290945336271116
