4 0.19310670443814917 0.1292624068828035 0.2653446647780925 0.258524813765607
4 0.47355996222851743 0.2467736858671703 0.1388101983002832 0.05707690693526384
4 0.8125590179414541 0.13933480222432063 0.20491029272898925 0.1376560696674011
4 0.7790368271954674 0.46500891826670865 0.024551463644948087 0.03693211625222958
4 0.6369216241737488 0.47759941244360504 0.06893295561850792 0.04196831392298812
4 0.5165250236071766 0.4910292728989613 0.062322946175637384 0.03861084880914909
4 0.4178470254957508 0.49354737173434055 0.053824362606232315 0.036932116252229974
4 0.26534466477809254 0.5061378659112371 0.0434372049102927 0.031895918581470964
4 0.9419263456090653 0.4540971566467317 0.0330500472143531 0.041968313922988186
7 0.7884796978281398 0.6471514006924772 0.09631728045325758 0.2232714300702969
7 0.5703493862134088 0.6295247088448223 0.109537299338999 0.2048053719441822
7 0.44192634560906513 0.6370790053509601 0.09442870632672332 0.156122127793516
7 0.3002832861189802 0.6421152030217187 0.04721435316336173 0.1259049417689645
7 0.24598677998111423 0.640436470464799 0.08215297450424927 0.1259049417689644
9 0.029272898961284224 0.839646062950012 0.05854579792256845 0.15388382625609856
4 0.8654390934844193 0.630364075123282 0.04627006610009445 0.08561536040289588
