4 0.44192634560906513 0.3055293253593537 0.16430594900849863 0.2551673486517679
4 0.7374881964117092 0.06547056971986151 0.03399433427762034 0.05036197670758577
4 0.556657223796034 0.09820585457979225 0.057601510859301326 0.06547056971986151
4 0.3895184135977337 0.14353163361661944 0.03493862134088765 0.06211310460602247
4 0.23843248347497642 0.1829818487042283 0.08404154863078378 0.05707690693526388
4 0.11803588290840417 0.2064841045011017 0.08309726156751651 0.07722169761829821
4 0.9282341831916904 0.032735284859930755 0.03588290840415482 0.041968313922988144
7 0.9329556185080266 0.27978875521734986 0.13408876298394706 0.3044101617829321
7 0.6081208687440981 0.29881439513167557 0.11709159584513679 0.2853845346763194
7 0.3229461756373937 0.33910397649774415 0.113314447592068 0.24509495331025075
7 0.1369216241737488 0.38107229042073243 0.1680830972615675 0.21823523239953835
4 0.6628895184135978 0.3122442555870318 0.04532577903682721 0.1443709998950792
4 0.8347497639282341 0.3072080579162732 0.05288007554296499 0.22495016262721648
