4 0.7053824362606232 0.21152030217186027 0.5892351274787535 0.4230406043437205
6 0.9471199244570349 0.27559192382505093 0.1057601510859299 0.43926836093241745
6 0.9570349386213408 0.6272863944996918 0.08593012275731823 0.13653690609097943
0 0.9801699716713881 0.7993564815839431 0.039660056657223774 0.17514775490012852
4 0.38904627006610015 0.6093799181617878 0.11709159584513686 0.19137551148882592
4 0.5533522190745986 0.42807680201447906 0.03021718602455145 0.05707690693526388
4 0.688385269121813 0.3986989822683874 0.05854579792256843 0.0789004301752177
4 0.8578847969782813 0.3416220753331235 0.08781869688385271 0.08561536040289582
4 0.06515580736543908 0.6488301332493966 0.07365439093484417 0.15276466267967692
6 0.19593956562795087 0.8483544880890319 0.39187913125590174 0.30329102382193607
6 0.10576015108593012 0.5548211100619033 0.18885741265344663 0.1997691742734235
7 0.6015108593012275 0.6077011856048684 0.0963172804532578 0.134298604553562
7 0.6997167138810199 0.5967894239848914 0.0604343720491029 0.1460497324519988
7 0.8220018885741266 0.5741265344664778 0.05949008498583566 0.20144790683034303
7 0.49763928234183186 0.6060224530479488 0.05099150141643058 0.09736648830133249
4 0.8677998111425873 0.5564998426188228 0.05099150141643065 0.10911761619976915
