4 0.19546742209631726 0.24173748819641172 0.0963172804532578 0.05371944182142485
4 0.3389990557129367 0.07806106389675795 0.6779981114258734 0.1561221277935159
9 0.4376770538243626 0.21152030217186024 0.093484419263456 0.3659636974084566
0 0.4291784702549575 0.7017102087923618 0.09537299338999056 0.17458818591963066
9 0.8994334277620396 0.24341622075333127 0.08593012275731797 0.33910397649774426
6 0.7228517469310671 0.534676319378869 0.1406987724268177 0.17290945336271116
6 0.43437204910292737 0.48935054034204173 0.0868744098205854 0.13261987199664246
9 0.09631728045325777 0.5156506794645433 0.19263456090651554 0.07106633637111798
4 0.02927289896128423 0.26188227887944604 0.02832861189801699 0.0604343720491029
4 0.025495750708215293 0.33602629587415406 0.050991501416430586 0.027419289891210282
4 0.10292728989612844 0.33574651138390516 0.05854579792256848 0.05371944182142485
4 0.19169027384324835 0.33826461021928445 0.0661000944287063 0.04868324415066628
4 0.3531633616619452 0.4364704647990767 0.026440037771482496 0.06714930227678102
4 0.54438149197356 0.43563109852061693 0.025495750708215324 0.06547056971986151
4 0.6369216241737489 0.45241842408981214 0.03116147308781876 0.08225789528905672
7 0.5750708215297451 0.4557758892036513 0.032105760151086 0.12254747665512547
7 0.31964117091595845 0.45997272059595007 0.042492917847025496 0.13429860455356213
7 0.19027384324834748 0.4499003252544329 0.072710103871577 0.1074388836428497
7 0.08593012275731823 0.4473822264190536 0.06987724268177527 0.09233029063057387
7 0.6850802644003777 0.45493652292519143 0.053824362606232225 0.13765606966740115
4 0.7332389046270066 0.4549365229251915 0.050047214353163415 0.12422620921204498
4 0.34938621340887627 0.2333438254118141 0.08309726156751662 0.05707690693526388
4 0.5259678942398489 0.23502255796873361 0.08876298394711996 0.063791837162942
4 0.674693106704438 0.24005875563949217 0.10859301227573176 0.06379183716294204
4 0.8394711992445704 0.23166509285489453 0.06610009442870635 0.04028958136606864
4 0.9674220963172803 0.23166509285489453 0.05382436260623237 0.03357465113839051
9 0.9627006610009442 0.27531213933480225 0.05949008498583581 0.02685972091071239
