3 0.6033994334277621 0.26356101143636557 0.03966005665722385 0.05707690693526388
6 0.2780925401322002 0.6160948483894658 0.23135033050047216 0.39953834854684706
6 0.8418319169027384 0.3869478543699507 0.050047214353163415 0.09568775574441289
6 0.12039660056657224 0.3265134823208477 0.24079320113314448 0.12590494176896436
9 0.5576015108593012 0.4129682090022033 0.19169027384324835 0.013429860455356248
9 0.2832861189801699 0.162837058021194 0.10576015108593008 0.325674116042388
9 0.546742209631728 0.24509495331025077 0.04532577903682714 0.1880180463749869
9 0.7667610953729934 0.24089812191795196 0.041548630783758256 0.16619452313503305
9 0.9003777148253068 0.3903053194837897 0.11048158640226631 0.03525338369530999
5 0.587346553352219 0.403735179939146 0.05665722379603395 0.09233029063057387
4 0.6237016052880076 0.3441401741685028 0.05571293673276664 0.10408141852901057
