4 0.3791312559017942 0.47843877872206486 0.13503305004721433 0.27195467422096314
9 0.5509915014164306 0.5447487147203861 0.17847025495750712 0.038610848809148945
7 0.6926345609065155 0.4675270171020879 0.11992445703493865 0.2669184765502045
7 0.939565627950897 0.4675270171020879 0.11709159584513686 0.20648410450110163
7 0.08545797922568461 0.4104501101668241 0.14069877242681778 0.26020354632252657
4 0.14400377714825308 0.17458818591963066 0.017941454202077427 0.03357465113839051
4 0.3229461756373938 0.18801804637498687 0.026440037771482496 0.020144790683034302
4 0.5023607176581681 0.19725107543804427 0.024551463644948087 0.031895918581470964
4 0.6713881019830029 0.20732347077956143 0.022662889518413606 0.031895918581471
4 0.832389046270066 0.2283076277410555 0.025495750708215324 0.03357465113839055
6 0.8286118980169972 0.38359038925611166 0.1029272898961284 0.17962438359038932
6 0.5259678942398489 0.3877872206484105 0.07743153918791322 0.09400902318749338
4 0.6199244570349386 0.4129682090022034 0.031161473087818692 0.08057916273213728
4 0.22568460812086877 0.39114468576224953 0.04343720491029277 0.1544433952365964
4 0.5897072710103872 0.4314342671283181 0.03682719546742206 0.15780086035043545
4 0.7644003777148254 0.4339523659636974 0.01794145420207741 0.11583254642744727
