9 0.5967894239848912 0.48935054034204173 0.028328611898017043 0.05539817437834431
9 0.8814919735599622 0.541391249606547 0.0330500472143531 0.07218549994753957
6 0.10670443814919736 0.5841989298079949 0.11331444759206798 0.198090441716504
4 0.3819641170915957 0.5640541391249605 0.0519357884796976 0.10743888364284913
6 0.7502360717658167 0.4820760283261528 0.4995278564683664 0.343021010592081
9 0.09348441926345609 0.46081208687440983 0.009442870632672325 0.025180988353792913
4 0.16005665722379603 0.47927814500052457 0.07082152974504252 0.162837058021194
4 0.47308781869688377 0.49606547056971956 0.037771482530689314 0.1191900115412862
9 0.301699716713881 0.3810722904207324 0.04627006610009438 0.17458818591963068
9 0.05240793201133144 0.3365858776623649 0.0538243626062323 0.21319903472877974
3 0.09867799811142587 0.375196726471514 0.044381491973559964 0.062113104606022415
