4 0.4995278564683664 0.11443359836077667 0.9990557129367328 0.22215226649387523
4 0.40698772426817753 0.36512433112999687 0.13031161473087813 0.09568775574441296
4 0.18602455146364494 0.39534151715454824 0.04721435316336169 0.062113104606022415
4 0.7507082152974505 0.29965376141013533 0.2096317280453259 0.1359773371104816
4 0.8748819641170915 0.619452313503305 0.034938621340887724 0.050361976707585826
4 0.7129367327667611 0.6177735809463855 0.03210576015108586 0.050361976707585826
4 0.5731822474032106 0.6219704123386843 0.062322946175637384 0.03189591858147103
4 0.45656279508970726 0.6102192844402476 0.06893295561850805 0.041968313922988186
4 0.3555240793201133 0.6160948483894659 0.06893295561850799 0.03693211625222958
4 0.19830028328611896 0.6160948483894659 0.03021718602455149 0.020144790683034302
7 0.15769593956562794 0.7369635924876718 0.06610009442870632 0.12422620921204498
7 0.2403210576015109 0.750393452943028 0.06326723323890465 0.18466058126114787
7 0.3682719546742209 0.770538243626062 0.08687440982058545 0.1611583254642744
7 0.5264400377714825 0.7873255691952576 0.15203021718602458 0.21152030217186024
7 0.704438149197356 0.8167033889413494 0.07932011331444755 0.23670129052565314
7 0.9395656279508969 0.807470359878292 0.03966005665722392 0.16451579057811358
4 0.7932011331444758 0.8225789528905676 0.047214353163361554 0.16115832546427442
4 0.7927289896128422 0.8133459238275103 0.053824362606232225 0.1460497324519986
