4 0.24268177525967893 0.19641170915958456 0.14919735599622286 0.07050676739062009
4 0.5797922568460813 0.13933480222432065 0.20774315391879128 0.08729409295981537
4 0.9423984891406988 0.10352183674079977 0.11520302171860237 0.1197495805217842
4 0.02171860245514636 0.47116426670617584 0.04343720491029272 0.032455487561968754
4 0.18885741265344663 0.4683663833805477 0.05288007554296506 0.03021718602455145
4 0.2932011331444759 0.46500891826670865 0.053824362606232336 0.03693211625222958
4 0.4254013220018885 0.4557758892036513 0.031161473087818692 0.03189591858147103
4 0.552880075542965 0.4473822264190537 0.0330500472143531 0.035253383695310066
4 0.7025495750708217 0.4448641275836744 0.01699716713881017 0.03693211625222965
4 0.8588290840415488 0.4415066624698353 0.01983002832861203 0.03693211625222958
7 0.5476864966949954 0.6345609065155807 0.10198300283286116 0.2215926975133774
7 0.35599622285174687 0.6219704123386843 0.13786591123701608 0.19641170915958447
7 0.21152030217186024 0.6312034414017418 0.113314447592068 0.19137551148882592
7 0.06421152030217185 0.6127373832756269 0.07554296506137864 0.127583674325884
4 0.9688385269121812 0.6286853425663623 0.0339943342776202 0.06211310460602249
9 0.8234183191690275 0.6177735809463855 0.01888574126534465 0.0436470464799077
6 0.9065155807365438 0.5606966740111216 0.041548630783758256 0.04364704647990756
4 0.6293673276676109 0.6085405518833281 0.05760151085930119 0.14604973245199873
4 0.9414542020774316 0.6362396390725003 0.05099150141643065 0.13765606966740115
