3 0.32200188857412654 0.29377819746091705 0.03021718602455145 0.04364704647990763
3 0.2804532577903683 0.2853845346763194 0.0321057601510859 0.04700451159374669
6 0.05288007554296506 0.5425104003752557 0.10576015108593012 0.339663545478242
6 0.75590179414542 0.3516944706746406 0.48819641170915956 0.2702759416640437
9 0.858356940509915 0.39869898226838735 0.028328611898017043 0.055398174378344295
9 0.6624173748819641 0.35924876718077847 0.023607176581680846 0.0604343720491029
9 0.7752596789423984 0.569929703074179 0.06421152030217187 0.12590494176896436
9 0.981586402266289 0.5122932143507043 0.03682719546742206 0.06323226818244422
4 0.28234183191690276 0.35505193578847966 0.04343720491029274 0.0789004301752177
4 0.4844192634560906 0.36932116252229563 0.03588290840415482 0.06714930227678102
9 0.23276676109537298 0.3986989822683874 0.13503305004721436 0.04196831392298812
9 0.46458923512747874 0.4045745462176057 0.09065155807365435 0.030217186024551524
9 0.040132200188857416 0.19976917427342358 0.0764872521246459 0.24509495331025077
9 0.24740321057601514 0.28034833700556083 0.033994334277620414 0.13765606966740115
9 0.40226628895184136 0.29797502885321586 0.026440037771482565 0.09568775574441293
