4 0.32577903682719545 0.5027804007973979 0.10198300283286113 0.32063791837162936
4 0.427289896128423 0.44654286014059386 0.08404154863078382 0.13765606966740107
7 0.6288951841359772 0.49690483684817965 0.2606232294617563 0.4700451159374673
7 0.10292728989612844 0.5257230748060605 0.20585457979225688 0.7425593591389282
2 0.08356940509915015 0.8620291679781765 0.046270066100094424 0.19305424404574553
7 0.9055712936732767 0.5439093484419264 0.17563739376770543 0.38946595320533
4 0.43578847969782813 0.15612212779351592 0.02171860245514637 0.063791837162942
4 0.6213408876298395 0.2031266393872626 0.041548630783758256 0.06379183716294197
4 0.7625118035882908 0.24257685447487148 0.027384324834749806 0.05204070926450534
4 0.8800755429650615 0.25600671493022764 0.022662889518413606 0.031895918581470964
4 0.20207743153918792 0.12506557549050468 0.0547686496694995 0.05875563949218339
6 0.9438149197355996 0.3122442555870317 0.093484419263456 0.07050676739062009
