9 0.2648725212464588 0.5136921624173741 0.11237016052880074 0.362606232294617
9 0.7030217186024552 0.6177735809463855 0.06704438149197343 0.329031581156227
9 0.9471199244570349 0.683244150666247 0.05288007554296499 0.24509495331025077
4 0.2516525023607177 0.33099009820339553 0.5033050047214354 0.39226384933867126
4 0.3564683663833806 0.5564998426188228 0.06893295561850805 0.04868324415066617
4 0.18083097261567516 0.5279613891511908 0.07082152974504251 0.02853845346763194
4 0.5084985835694051 0.5917532263141329 0.08026440037771478 0.05539817437834448
4 0.6586402266288952 0.6068618193264085 0.06326723323890462 0.035253383695310066
4 0.7752596789423984 0.6244885111740635 0.062322946175637384 0.03357465113839048
4 0.8885741265344664 0.640436470464799 0.05099150141643065 0.02853845346763194
9 0.7728989612842304 0.6672961913755114 0.042492917847025496 0.035253383695310135
6 0.5599622285174692 0.8645472668135556 0.06798866855524083 0.127583674325884
6 0.24409820585457978 0.8150246563844297 0.08215297450424931 0.10911761619976901
0 0.24409820585457978 0.9582939880390304 0.08781869688385271 0.08341202392193893
7 0.12889518413597734 0.747035987829189 0.05193578847969782 0.15108593012275734
7 0.38857412653446644 0.7932011331444758 0.04249291784702543 0.15276466267967678
7 0.5066100094428707 0.8083097261567517 0.025495750708215324 0.11919001154128636
4 0.5524079320113314 0.7948798657013956 0.05854579792256857 0.08561536040289568
4 0.453257790368272 0.7940404994229356 0.01888574126534472 0.09400902318749331
4 0.35599622285174687 0.7596264820060854 0.024551463644948087 0.05539817437834415
4 0.1624173748819641 0.7336061273738328 0.02077431539187911 0.05707690693526388
6 0.8890462700661002 0.7268911971461546 0.11237016052880065 0.1578008603504354
6 0.7785646836638338 0.7319273948169132 0.1029272898961284 0.19473297660266498
6 0.6005665722379604 0.718497534361557 0.14353163361661936 0.09400902318749345
