6 0.2417374881964117 0.5011016682404784 0.09442870632672334 0.15612212779351586
6 0.8059490084985836 0.3491763718392613 0.3862134088762984 0.14101353478124018
3 0.4348441926345609 0.33238904627006605 0.021718602455146296 0.047004511593746724
3 0.46553352219074595 0.3281922148777673 0.022662889518413606 0.04532577903682721
9 0.3829084041548631 0.4222012380652608 0.09915014164305959 0.035253383695310066
9 0.5854579792256847 0.41716504039450214 0.06798866855524083 0.02853845346763194
9 0.9740321057601511 0.403735179939146 0.02171860245514637 0.055398174378344295
9 0.7714825306893296 0.37603609274997374 0.02077431539187927 0.026859720910712356
9 0.2346553352219076 0.2610429126009862 0.05949008498583563 0.20648410450110166
9 0.4003777148253069 0.3265134823208477 0.026440037771482565 0.09568775574441296
9 0.5363550519357885 0.32651348232084776 0.03021718602455145 0.10576015108593012
9 0.8593012275731823 0.5464274472773056 0.07554296506137874 0.14269226733815962
