9 0.1270066100094429 0.18549994753960763 0.21624173748819644 0.28034833700556083
6 0.34985835694050993 0.15864022662889515 0.2237960339943342 0.2904207323470779
9 0.7804532577903683 0.10911761619976917 0.06137865911237029 0.1779456510334697
9 0.6345609065155807 0.1645157905781135 0.041548630783758256 0.16115832546427447
9 0.5136921624173749 0.17290945336271116 0.0491029272898961 0.12422620921204491
9 0.5689329556185081 0.36932116252229563 0.14069877242681778 0.05371944182142478
9 0.37771482530689326 0.3374252439408247 0.041548630783758325 0.03021718602455145
6 0.9192634560906515 0.41408735977091204 0.16147308781869682 0.2036862083677605
6 0.36402266288951846 0.33071031371314663 0.05949008498583566 0.0436470464799077
6 0.45561850802644005 0.3466582730038821 0.05760151085930119 0.0721854999475396
4 0.48064211520302164 0.29209946490399746 0.07365439093484419 0.10743888364284963
4 0.7710103871576959 0.2845451683978596 0.12559017941454215 0.17962438359038926
6 0.6109537299339 0.12758367432588397 0.27006610009442866 0.24173748819641172
6 0.8668555240793202 0.20228727310880282 0.0982058545797922 0.16955198824887205
6 0.9645892351274787 0.16311684251144293 0.07082152974504254 0.10464098750950847
