7 0.47403210576015115 0.8888888888888888 0.1397544853635506 0.2031266393872626
7 0.6964117091595845 0.8846920574965901 0.1501416430594901 0.19809044171650414
4 0.45609065155807366 0.14185290105969994 0.2965061378659113 0.2064841045011017
4 0.9107648725212465 0.23418319169027385 0.12370160528800767 0.08561536040289579
4 0.5892351274787536 0.6706536564893506 0.04532577903682721 0.06211310460602249
4 0.43106704438149196 0.6756898541601092 0.05004721435316334 0.03861084880914902
4 0.26298394711992445 0.6891197146154653 0.027384324834749733 0.035253383695310135
4 0.0736543909348442 0.6773685867170286 0.03399433427762039 0.03861084880914916
4 0.15014164305949007 0.9364704647990767 0.1718602455146364 0.12705907040184655
4 0.39093484419263463 0.8846920574965901 0.041548630783758256 0.08393662784597637
6 0.9395656279508969 0.6773685867170286 0.10387157695939564 0.1494071975658379
6 0.7785646836638338 0.7042283076277411 0.09159584513692166 0.13933480222432068
6 0.6288951841359772 0.7831287378029588 0.16808309726156742 0.19305424404574553
6 0.289423984891407 0.8645472668135556 0.10481586402266288 0.09736648830133263
6 0.022190745986779982 0.8888888888888888 0.042492917847025496 0.05875563949218346
4 0.3649669499527856 0.8830133249396706 0.03871576959395661 0.10072395341517165
