2 0.6624173748819641 0.9079320113314446 0.07459867799811143 0.18413597733711057
7 0.6501416430594901 0.5867170286433743 0.2483474976392823 0.7537509180568671
7 0.09206798866855521 0.5895149119690024 0.18413597733711043 0.5746861034469756
6 0.29461756373937675 0.48011751127898433 0.07176581680830975 0.06043437204910298
6 0.4348441926345609 0.4859930752282027 0.0915958451369216 0.07218549994753964
6 0.9669499527856468 0.42583848766934873 0.06610009442870635 0.1701115572293699
4 0.23984891406987724 0.20732347077956145 0.033994334277620414 0.09233029063057394
9 0.24598677998111426 0.4230406043437205 0.031161473087818657 0.14772846500891823
4 0.7469310670443815 0.16787325569195258 0.04343720491029274 0.07386423250445913
4 0.03210576015108593 0.24621410407895944 0.06421152030217187 0.08281746426955461
4 0.358356940509915 0.4901899066205015 0.050047214353163415 0.1880180463749869
4 0.8999055712936732 0.5078165984681565 0.06610009442870635 0.23334382541181406
