4 0.220491029272899 0.23082572657643474 0.2842304060434372 0.21319903472877982
4 0.6789423984891407 0.36764242996537616 0.09631728045325787 0.12422620921204491
4 0.8663833805476865 0.43814919735599617 0.0859301227573181 0.09736648830133256
4 0.9796978281397546 0.4661280690354173 0.040604343720491015 0.03581295267580785
9 0.9655335221907461 0.6507886502965653 0.06893295561850792 0.301052696669093
7 0.45561850802644005 0.9518413597733713 0.11425873465533513 0.09065155807365428
7 0.2190745986779981 0.9568775574441297 0.12842304060434373 0.08057916273213721
6 0.3616619452313503 0.9191060749134402 0.07365439093484426 0.1359773371104815
6 0.5618508026440038 0.796558598258315 0.0698772426817753 0.10911761619976915
6 0.4480642115203022 0.8544748714720387 0.09915014164305944 0.07050676739062013
6 0.7157695939565627 0.768020144790683 0.08309726156751651 0.11247508131360817
4 0.1907459867799811 0.8007554296506137 0.03021718602455149 0.06043437204910305
4 0.3408876298394712 0.8015947959290736 0.039660056657223774 0.06547056971986151
