9 0.956090651558073 0.39256111635715024 0.021718602455144294 0.04647990766970935
6 0.1704438149197356 0.8080474241947332 0.3408876298394712 0.38390515161053357
6 0.4622285174693105 0.5380337844927081 0.07271010387157728 0.11583254642744745
6 0.7280453257790367 0.5011016682404784 0.06610009442870635 0.10911761619976908
9 0.5519357884796978 0.3273528485993075 0.0330500472143531 0.392823418319169
9 0.8762983947119924 0.3248347497639283 0.01699716713881031 0.22998636029797503
3 0.45372993389990557 0.375196726471514 0.027384324834749733 0.05875563949218339
4 0.5118035882908404 0.4641695519882489 0.0604343720491029 0.1326198719966426
6 0.9102927289896128 0.3595285516710274 0.17941454202077436 0.2893015687706562
6 0.7129367327667612 0.4255587031790998 0.10387157695939564 0.11247508131360824
